ACTIVATION: 00000NEURON 0: 0.404835
TARGET: 3, WEIGHT :0.361073
NEURON 1: 0.949321
TARGET: 3, WEIGHT :0.143028
TARGET: 1, WEIGHT :0.679330
NEURON 2: 0.015528
TARGET: 2, WEIGHT :0.137919
NEURON 3: 0.983477
TARGET: 4, WEIGHT :0.821478
NEURON 4: 0.674995
