ACTIVATION: 00000NEURON 0: 0.931818
TARGET: 2, WEIGHT :0.262774
TARGET: 4, WEIGHT :0.288283
NEURON 1: 0.334833
TARGET: 0, WEIGHT :1.144560
TARGET: 4, WEIGHT :0.236921
NEURON 2: 0.473190
NEURON 3: 0.852697
TARGET: 0, WEIGHT :-0.089278
TARGET: 1, WEIGHT :0.425913
NEURON 4: 0.949555
TARGET: 4, WEIGHT :-0.569521
