ACTIVATION: 00000NEURON 0: 0.162723
TARGET: 3, WEIGHT :1.128542
TARGET: 4, WEIGHT :0.109456
NEURON 1: 0.067497
TARGET: 0, WEIGHT :-0.427385
TARGET: 4, WEIGHT :0.123192
NEURON 2: 0.476467
TARGET: 3, WEIGHT :-0.630891
NEURON 3: 0.019483
TARGET: 1, WEIGHT :-0.524015
NEURON 4: 0.488551
TARGET: 4, WEIGHT :-0.073707
