ACTIVATION: 00000NEURON 0: 0.152680
TARGET: 4, WEIGHT :0.084683
TARGET: 1, WEIGHT :0.367771
NEURON 1: 0.383123
TARGET: 1, WEIGHT :-0.843013
TARGET: 0, WEIGHT :0.840236
TARGET: 4, WEIGHT :0.074605
NEURON 2: 0.451442
TARGET: 1, WEIGHT :-0.492774
NEURON 3: 0.020167
NEURON 4: 0.303009
TARGET: 4, WEIGHT :-0.786653
