{
	"neuronCount":	4,
	"neurons":	[{
			"targets":	[],
			"weights":	[],
			"threshold":	0.99663394689559937,
			"targetCount":	0
		}, {
			"targets":	[3],
			"weights":	[-0.7447735071182251],
			"threshold":	0.062767691910266876,
			"targetCount":	1
		}, {
			"targets":	[0, 3],
			"weights":	[-0.34855079650878906, 0.21849074959754944],
			"threshold":	0.68149447441101074,
			"targetCount":	2
		}, {
			"targets":	[1],
			"weights":	[0.34110021591186523],
			"threshold":	0.0097989384084939957,
			"targetCount":	1
		}]
}