{
	"neuronCount":	4,
	"neurons":	[{
			"targets":	[2],
			"weights":	[0.90314376354217529],
			"threshold":	0.32571440935134888,
			"targetCount":	1
		}, {
			"targets":	[2],
			"weights":	[-0.978739321231842],
			"threshold":	0.71805793046951294,
			"targetCount":	1
		}, {
			"targets":	[],
			"weights":	[],
			"threshold":	0.29780036211013794,
			"targetCount":	0
		}, {
			"targets":	[3],
			"weights":	[0.88582754135131836],
			"threshold":	0.800067126750946,
			"targetCount":	1
		}]
}