{
	"neuronCount":	4,
	"neurons":	[{
			"targets":	[0],
			"weights":	[-0.23948180675506592],
			"threshold":	0.9339216947555542,
			"targetCount":	1
		}, {
			"targets":	[3],
			"weights":	[0.85127842426300049],
			"threshold":	0.369295209646225,
			"targetCount":	1
		}, {
			"targets":	[3],
			"weights":	[-0.58565163612365723],
			"threshold":	0.32195496559143066,
			"targetCount":	1
		}, {
			"targets":	[2],
			"weights":	[-0.47857707738876343],
			"threshold":	0.82945698499679565,
			"targetCount":	1
		}]
}